9879
1
17892
1
1
1
32397
1
32397
1
0
0
0
1
19038
1
532
532
0
0
1
24567
26692
1
1
1
1
0
1
29932
1
0
20844
1
27067
1
27067
1
1
1
1
1
1
1
8812
25717
1
1
1
0
1
1
9528
1
1
1
1
1
26645
26645
17931
1
1
23881
23881
18200
1
18200
8094
8094
1
1
7713
1
1
31096
1
3778
3778
1
7544
2705
1
0
1
1
16777
1
1
3382
1
3382
3382
1
3382
1776
1776
1776
1
21013
1
1
27365
1
1
881
1
31761
31761
1
1
15056
1
0
0
0
1
1
1
23534
1
0
14040
14040
14040
14040
1
7252
7252
22729
1
1
1
9369
1
20910
20910
1
0
1
5101
5101
1
1
16414
1
16414
1
1
1
1
6903
6903
1
1
31260
31260
1
12805
14181
14181
14181
1
1
1
18477
18477
1
28937
1
4698
24163
1
11893
3722
3722
1
0
1
1
1
20401
1
3245
3245
1
1
6883
1
1
1
1
0
1
0
2619
2619
1
6159
0
0
1
3596
1
3596
1
24293
1
1
32421
32421
1
31048
31048
1
0
1
7948
7948
4723
4723
4234
4234
21358
2864
2595
17343
1
1
0
0
1
8978
1
1
1
1
1937
1
30695
1
1
10415
1
10415
12472
1
1
1
1
1
1
1
26507
1
1
1
17616
11195
1
1
332
332
10967
1
1
1
1
1
1
31562
1
1
26942
1
1
1
1
1
1
1
15883
1
1
1
1
22108
1
1
1
1
1
4869
4869
1
1
15191
10396
10396
10396
1
32214
32214
1
1
10638
0
1
25888
25888
1
1
1
1
1
1
1
0
0
1
1
1
1
11949
1
1
11949
15658
15658
1
0
0
0
27998
27998
1
6161
6161
1
30126
19056
19056
1
19056
1
1
1
26625
1
0
25117
25117
10245
10245
1
1
1
1
19938
1
1
16920
16920
1
25184
1
1
2260
2260
2260
2260
1
1
31100
1
1
31100
1
31100
1
1
1
22315
1
22315
1
1
21215
2452
1
20636
25766
25766
1
1
16831
16831
1
16187
16287
16287
1
1
0
0
21517
1
21488
1
26302
1
26302
26302
1
0
0
1
22268
22268
1
1
1
1
1
0
0
1
1
1
1
1
1
1
1
0
0
0
0
0
0
1
1
5436
1
15077
10680
11739
1
1
11739
11739
1
1
13491
1
1
1
1
0
15175
15175
1
1
1
15175
1
1
1
29026
906
27881
27881
27881
0
22227
22227
1
1
1
22227
22227
1
0
21060
1
17284
5078
5078
1
28397
28397
28397
25919
1
25919
26482
1
1
0
0
21397
21397
21397
0
1
1
1
7596
1
1
25135
25135
6666
1
1
26838
1
1
1
0
1
8559
8559
8559
21363
1
11165
1
1
11136
1
1
11136
28047
1
1
12006
12006
12006
31466
1
1
1
0
7720
10090
1
1
27333
1
1
0
0
1
16460
16460
1
1
32550
32550
32550
32550
23053
1
1
0
0
0
0
1
0
0
1
1
9859
1
1
31835
31835
1
0
0
0
1
1
1
31304
22569
0
0
1
7933
7933
1
0
1
0
1156
1
1
0
11696
15532
1
1
1
1
1
1
1
32274
1
1
11137
20937
28871
1
32120
1
1
1
1
25476
1
0
1
0
0
1
1
10412
10412
10412
1
1
1
1
1
6286
1
10361
7690
1
1
17846
26129
1
1
1
1
0
1
1
1
1
1
1
1
1
1
1
10487
1
1
14393
14393
14904
1
1
1
32768
1
1
32128
1
1
1
1
0
1
1
1
18845
0
6358
1
1
6358
1
22309
22309
1
22309
22309
1
1
1
1
3166
1
21672
1
1
1
15663
1
0
27930
27930
1
12560
1
0
13303
13303
0
1
0
0
1
1
29659
4811
1
12005
1
0
0
0
1
1
5795
1
1
1
1
1
4889
4889
1
1
1
0
1
0
19250
1
16757
27777
27777
1
1
1
0
1
25344
1
1
1
8391
1
8391
19385
22996
22996
1
1
10203
29675
3608
1
1
1
1
1
1
1
19412
1
1
25777
1
17915
27831
2830
2830
1
1
1
17938
1
28240
28240
1
1
1
20365
20365
1
1
1
1
27607
1
1
25672
23866
1
1
13868
1
1
1
3002
1
1
10634
10634
1
1
1
3339
1
1
30914
10468
1
0
1
26532
26532
1
26532
1
1
2986
1
1
1
29741
1
4619
1
1
1
392
1
1
18651
18651
1
18651
18651
18651
1
1
0
1
1
1
1
1
31231
1
7277
1
0
1
1
1
27035
1
9160
9160
9160
9160
1
1
0
24753
1
1
1
22165
22165
1
22165
1
11407
1
1
4170
0
0
0
21734
1
1
0
1
1
9628
1
1
0
5916
1
6188
1
2414
2414
1
1
1
1
11447
11447
0
1
0
1
5517
1
5517
0
1
14689
1
0
0
2449
1
6425
30642
30642
1
1177
1177
1
24188
24188
1
1
1
1
1
0
0
0
1
0
1
433
1
8733
1
31928
1
1
18936
1
18936
1628
1628
23790
1
1
1
12460
14272
1
1
1
1
1
29001
27381
31029
31029
6678
6678
12242
1
1
1
12242
1
20579
20579
0
8592
1
8592
8592
1
1
1918
32361
1
15287
1
15287
1
1
2319
2319
1
1
0
0
0
0
1
1
1
0
30756
1
1
0
1
28173
30480
30480
1
1
1
0
0
0
1
4287
1
4287
4287
4287
1
4287
1
6549
1
21684
1
1
21684
1
6271
1
6271
29253
1
29253
1
1
1
27822
1
1
1
1
1
1
1
1
0
1
1
1
0
1
0
1
1
0
1
1
1
1723
19178
1
19178
1
19178
1
1
26752
1
26752
1
1
16346
16346
1
1
1
1
8093
1
1
1
21082
1
11966
11966
0
1
1
1
1
27459
27459
27459
1
7128
1
7128
1
1
1
22545
22545
22545
1
22545
22545
1
1
1
1
1
1
1
0
1
0
1
0
1
28207
1
28207
28207
1
28207
1
1
1
25581
25581
1
14868
14868
1
1
0
0
16516
1
17827
17827
1
17827
7999
26482
1
8456
0
5556
0
1
30558
30558
30558
28624
28624
28624
1
17544
1
8436
8436
1
1
1
1
1
1
20476
1
1
30729
1
30729
31821
31821
25982
1528
16199
1
1
1
0
0
0
0
1
1
1
1
13739
19724
1
12370
1
12370
1
12370
1
1
1
1
1
29422
1
0
1
0
1
0
1
0
0
2913
29430
1
1
29430
1
32168
1
3497
1
1
1
4129
1
4136
1
25870
1
1
1
1
1
10463
1
5622
1
1
1
1
1
1
1
1
1
1
1
1
1
15943
29858
16370
1
1
1
1
1
23851
1
2699
1
2699
2699
2699
1
1
1
1
3958
11995
1
0
1
1
28869
1
1
1
4899
1
1
1
1
6822
1
1
12299
1
25035
3520
0
1
1
1
1
22662
1
22662
32157
32157
1
1
1
22066
1
1
27878
1
12540
12540
11624
11624
8032
8032
21365
12275
1
1
1
9801
1
1
6177
26872
1
1
5785
5785
1
1
1
21910
1
1
1
21910
1
1
0
0
1
0
1
0
0
0
1
1
1
1
28306
1
1
1
0
1
18580
0
1
26547
1
1
0
0
0
0
1
0
0
0
17657
28650
0
14332
3136
1
1
1
1
1
1
1
1
24981
24981
24981
27939
2455
2455
1
1
1
4574
17011
1
2743
2743
11064
25698
26705
16270
4984
4984
4984
1
1
23759
9453
1
7188
0
1
0
1
28998
1
30938
30938
1
0
0
0
0
0
21384
1
21384
1
1
1
1
1
8458
1
1
1
0
1
0
0
17428
27474
27474
27474
1
1
27474
27474
27474
1
9407
3552
3552
1
1
1
147
5479
1
1
13158
13158
1
516
16921
1
16921
16921
21937
19079
19079
1
1
21677
1
1
19806
19806
1
19939
1
1
25116
1
1
1
1
24046
24046
0
1
7133
1
7133
3149
5011
5011
5011
17850
17850
30826
1
1
13981
13981
13981
13981
1
26382
18155
18155
10808
1
1
10808
0
1
1
1
29778
1
15689
1
1
1
1
1
17305
17305
1
1
1
1
1
26044
21425
18324
1
1
22045
1
27308
1
0
1
1
29721
29721
10324
1
10324
1
1
19766
11800
0
0
1
20640
1
1
13551
1
12863
1
12863
1
0
1
0
0
0
1
1
1
1
1
30285
1
1
0
0
0
0
0
0
16302
3252
1
28606
17588
0
0
0
1
1
1
28533
28533
1
1
5238
1
1
1
1
1
1
1
4426
1
20679
20679
1
1
1
27319
1
1
32611
13664
1
0
1
19748
1
0
7611
1
7611
1
2342
28560
21804
30639
30639
1
1
1
31221
31221
31221
22883
1
1
17386
1
0
0
0
1
0
1
0
25730
25730
25730
30204
30204
30204
1
0
0
1
0
0
1
1
1
26278
26278
10470
1
1
0
1
1
1
5120
5120
1
1
1
1
11820
1
11820
1
11820
1
26984
1
1
0
0
0
0
0
1
0
1
1
1
1
1
6299
1
21376
7168
7168
1
1
1
1
1
1
1
1
0
1
1
1
30383
1
1
1
6778
6778
1
1
22850
22850
1
1
1
1
14265
0
0
0
23693
1
1
1
15282
1
1174
1174
0
0
0
0
1
656
1
656
1
1
1
0
1
1
1
5993
5993
1
1
1
1
14570
1
27586
1
26940
1
1
0
0
14689
1
0
1
1
1
1
0
1
1
1
0
0
30248
1
627
1
30702
13110
13110
1
1
29472
1
1
1
1
14567
16695
1
0
0
0
0
0
21284
1
21766
4265
4265
0
0
0
1
1
1
0
0
0
1
1
1
17397
1
0
1
0
0
1
1
1
1
1
0
4404
1
1
7583
2765
2765
0
1
12853
1
3553
1
1
1
0
0
5932
1
1
1
8066
13362
1582
1
1
1
19709
19709
1
1
2742
2742
1
1
1
18113
1
1484
1
1484
1
1
1
1
1
6181
6181
1
1
2012
2012
1
1
1
0
0
1
0
1
0
1
2722
1
32396
1
10217
1
1
1
1
1
10217
1
1
1
1
1
15523
0
31906
1
1
31906
31906
1
1
3180
3180
24083
18791
18791
1
1
0
0
1
0
1
1
1
1
1
0
1
1
1
0
0
1
1
0
0
9466
9466
24036
1
26773
1
26773
1
1
0
1
1
1
17353
17353
1
13446
1
1
14351
10155
10155
1
1
1
1
1
1
1
5028
11980
11980
11980
11980
1
1
1
18838
1
18838
7964
1
1
1
1
1
0
1
0
0
0
0
0
0
0
1
1
1
1
1
1
0
0
1
0
3496
2086
1
1
2086
1
1
26181
14021
14021
1
0
0
1
1
306
306
306
306
1
23989
1
1
1
0
0
0
1
7147
7147
1
21586
21586
1
1
0
1
1
0
0
0
0
0
0
0
19322
19322
19322
3578
1
1
29656
1
23437
1
1
10816
14755
1
32078
1
32078
32078
1
21969
14563
1
1
15670
15670
0
24938
3193
15463
15463
1
7421
0
7461
26136
26136
26136
1
32654
0
0
1
7419
7419
7419
7419
5366
0
0
1
26261
1
1
1
0
1
32761
1
1
22232
25394
1
15937
1
24925
24925
24925
1
0
1
0
1
1
0
1
1
29408
1
1
19137
23366
1
12057
0
2960
1
1
1
19031
26671
1
0
0
1
7835
1
1
783
1
1
3197
3197
1
3197
1
1
0
27155
27155
0
1
13680
1
28065
25151
1
4761
1
8725
29199
4176
0
1
1
0
1
1
0
0
0
1
76
1
0
1
0
1
22421
22421
22421
1
25055
0
1
32033
32033
1
1
1
12762
1
1
1
1
0
0
295
295
1
1
9845
1
24860
0
7200
1
3880
3880
1
16666
1
16666
16666
16666
16666
1
1
1
1
0
1311
29865
1
29865
0
1
0
0
0
1
1
1
23455
1
26937
26937
1
1
18315
18315
18315
14143
14143
14143
6905
6905
6905
1
1
0
1
1
1
32237
1
32237
17145
17145
1
17145
17145
1
607
607
1
1
1
7883
1
1
1
1
7883
1
1
1
9071
9071
9071
9071
9071
1
9071
1
1
3595
7561
7561
1
1
1
1
1
5148
1
5148
5148
5148
5148
1
1
5148
5148
1
28118
1
0
5415
10012
27479
256
1
256
28882
23969
23969
1
27252
1
13419
1
13419
17321
17321
1
0
1
1
4075
1
1
4075
4075
1
1
1
18704
5866
1
1
28863
1
28863
1
28863
1
21502
14955
1
14955
1
1
1
1
1
1
1
0
1
10505
1
3058
1
1
3058
27585
1
27585
1
19337
19337
1
1
14575
14575
1
1693
1
22996
1
1
1
2482
1
23489
1
23489
23489
1
1
30658
1
30658
1
22021
1
1
9215
0
0
1
1
17864
1
17864
1
19121
19121
1
1
1
1
19121
19121
29915
29915
1
0
0
9385
1
1
22366
1
1
1
0
1
22845
22845
1
1
27137
1
1
1
8877
1
1
1
1
6603
1
20788
20788
0
1
1
1100
1100
1
1100
27179
1
1
1
1
109
1
20914
530
1
1
7297
7297
1
1
1
1
0
1
5063
5063
5063
5063
5063
3820
22109
6333
6333
1
6333
3612
3612
26872
1
1
1
1
1
1
1
1
2235
2235
1
2235
27911
1
2538
2538
10522
10522
10522
1
1
25788
1
25788
1
1
29673
29673
0
12881
1
1
1
1
1
26840
26840
9679
1
2566
2566
2566
1
1
1
1
1
11069
9681
806
12894
12894
1
1
25517
21336
1
1
1
13638
1
0
1
20963
20963
1
1
0
30213
18372
1
16010
1
16010
1
6730
6730
1
1
0
0
1
1
30428
1
30428
29011
1
1
29011
29011
29011
1
1
0
1
0
0
0
1
1
14888
0
1
1
1
1
1
1
22175
22175
1
1
1
0
0
1
1
1
0
1
17203
0
0
1
0
0
0
1
24421
9782
1
1
9782
9782
1
9287
9287
1
9287
2160
4698
1
4698
1
1
17608
17608
12280
1
12280
1
12927
12927
1
12927
32565
1
1
0
1
19626
1
1
19626
1
1
1
111
1
3434
3434
3434
3434
1
3434
1
32589
1
18803
1
1
1
1
0
1
1
1
0
20602
1
1
1
10694
1
3091
1
1
1
1
21983
21983
21983
10419
23123
1
23123
1
1
20281
20281
1
11229
11229
1
0
0
1
0
1
1
1
7957
1
1
1
1
24910
24910
24910
1
1
1
1
27004
1
23027
11105
1
1
0
1
1
1
1
1
1
1
1
3679
1
3186
3186
1614
1614
25940
1510
1
1
1
1
11074
11074
1
11074
1
1
1
1
1
1
1
0
1
20974
1
20733
12183
1
1
25756
25756
30881
1
0
1
1
0
0
1
29329
1
1
15412
15412
15412
18586
18586
18586
1
1
12636
1
4783
2321
1
2321
2321
1
4985
4985
4985
4985
4985
1
0
1
0
1
1
21973
1
9633
18518
7940
7940
9271
23846
1
1
23846
23846
23846
23846
1
10618
1
1
31459
1
31459
31459
1
1
14634
1
1
11469
1
1
4558
1
1
1
0
1
27596
1
27596
1
27596
1
32400
1
1
32400
19003
1
2642
1
1
1
2810
1
1
21986
13825
1
1
13825
26314
1
26314
26314
26314
1
1
4967
4967
1
4967
1
6036
1
0
1
1
20111
20111
20111
20111
20111
1
1
26614
26614
26614
1
26720
1
1
0
7470
1
1
9956
1
1489
1489
1
1489
1489
30608
20561
20561
1
1
1
1
21998
21998
1
700
1
700
1
1
5116
1
0
1591
1591
1
1
1
13912
1
1
0
1
1
5783
1
17360
28659
28659
1
1
1
1
1
1
11524
1
1
1
7620
1
1
9929
1
0
2874
1
30627
0
1
1
27606
27171
1
1
31282
31282
31282
1
1
1
12309
1
1
1
1370
1
1
21664
21664
1
0
737
1
1
1
1
1
1
1
1
1
0
1647
1647
29449
1
29449
1
1
1
29449
1
1
9690
1
9690
30622
1
1
16483
25314
1
1
4361
1
11372
11372
1
1
1
5978
5978
1
18020
1
1
0
1
0
0
19840
26627
19081
21489
26282
1
1
1
4303
1
1
1
1
24100
1
1
24445
24445
10184
1
1
1
1015
1
1
0
1
1
1
1
1
1
1
2765
2765
1
0
1
0
1
0
1
10388
1
1
1
0
1
0
1
1
22292
22292
1
1
1
1
27030
1
1
1
1
1
1
0
0
0
1
1
1
2815
1
1
18370
1
26152
26152
26152
26152
1
26152
1
1
0
1
1
8241
1
1
32600
1
0
0
0
0
1
1
0
1
28792
28792
1
28792
1
17929
1
1
13573
1
1
0
1
1
8360
8360
8360
8360
1
1
30836
30836
1
1
1
1
30481
1
1
1
10199
10199
1
7807
1
1
1
7807
1
1
1
16190
1
0
1
0
1
1
4138
1
29514
0
0
1
0
1
321
1
4303
1
0
23807
0
0
1
0
0
0
0
1
25318
1
1
1
1
21835
21835
1
1
1
1
1
21835
21835
1
21835
1
21835
1
12119
1
1
1
1
14952
1
1
14952
1
1
1
14952
1
1
1
15361
15361
17822
1
1
1
17299
1
1
17299
29121
0
847
1
1
1
1
12
1
1
25711
1
1
0
0
0
0
0
0
0
1
0
1
0
1
1
1
1
31582
31582
1
1
1
1
0
0
31416
1
1
28736
28736
28736
25979
1
20738
1
16896
1
16896
16896
9290
9290
22978
1
22978
28789
28789
14131
14131
1
14131
14131
6164
1
1
1
1
29328
1
21388
28490
28490
28490
14110
14110
14110
1
1
1
14110
0
1
17543
13631
1
1
1
1
1
22888
22888
1
22888
1
10719
10719
35
1
1
8867
8867
8867
1
16747
1
13281
0
0
0
14781
0
1
0
0
0
1
1
0
1
1
17726
29940
1
29940
29940
1
1
28908
0
1
0
1
0
10817
10817
25170
2512
1
24641
1
11948
11948
1
1
1
25499
1
1
25653
39
39
1
1
18751
1
18751
3405
3405
3405
1
1
1
18542
18542
1
29404
29404
29404
1
29404
1
1
9226
1
1
1
1
1
0
1
0
1
1
0
1
0
1
12836
1
1
30289
1
1146
1
14916
14916
14916
1
12057
14870
32639
0
1
25718
25718
1
28141
28141
28141
28141
28141
1
1
1
1
7742
1
7742
26164
26164
1
1
1
1
1
1
1
5780
5780
1
1
1
1
1
0
1
16721
1
16721
1
1
1
7064
7064
0
1
1
1
1
22714
22714
1
1
22714
15011
15011
1
1
23134
23134
1
1
3626
1
3154
3154
3154
3154
1
3154
1
1
1
6023
4851
1
0
0
1
1
1
1
0
0
0
1
1
1
29938
0
5425
1
24656
1
1
8608
1
30521
1
1
0
1
0
0
2232
2232
2232
1
2232
1
1
1
25683
25683
25683
9072
1
1
1
1
1
1
0
1
1
16491
16491
1
1
30796
30796
1
24541
1
1
12801
1
1
12801
22943
1
22943
1
1
1
8361
1
1
30015
1
18999
23728
1
23728
1
13370
13370
1
1
1
1312
29944
1
1
20156
1
1
1
22233
22233
1
1
9960
19939
22719
1
29056
0
0
1
0
0
0
0
1
1
1
1
21082
21082
21082
17222
1
17222
17222
1
4835
20113
1
1
20113
20113
9183
30868
1
8573
0
1
0
8629
19072
1
0
0
1
0
1
1
1
1
1
1
0
11904
1
11904
11904
1
23029
10648
1
1
18536
1
0
0
1
1
23615
1
1
401
1
1502
13656
4263
1
4263
1
1
0
1
1
1
0
1
31362
1
14576
5336
5336
5336
5336
1
1
1
9540
1
9540
9540
1
9540
1
9540
1
1778
1778
1
1
0
0
1
8006
1
1
20585
0
1
1
8500
1
12933
1
1
1
0
0
1
30569
10521
10521
1
1
1
1
1
24060
1
1
24060
1
1
4827
4827
1
1
1
1
15320
0
7272
1
1
1
1
1
20270
0
0
0
30331
30331
1
1
1
1
1
30331
1
12096
1
1
1
12096
1
1
1
1
23254
23254
1
1
1
22459
1
1
0
25490
25490
25490
1
1
18839
18839
941
21982
21982
20745
20745
20745
20745
20745
0
11549
0
1
21733
1
25919
1
23478
1
1
1
13901
1
20373
1
16001
1
1
1
1
0
1
1
0
1
23848
1
1
1
32597
32597
32597
9125
9125
9125
9125
1
9125
1
1
1
11107
30856
30856
29794
1
1
1
8634
8634
1
21470
1
1
1
1
31307
31307
31307
1
1
1
30976
1
21460
27437
27437
1
0
10875
12067
1
30197
30197
1
1
1
1
1
3771
1
1
7663
1
1
7663
0
1
2130
6723
1
1
1
1
21483
1
1
1
0
0
1
0
1
32729
1
1
32729
1
1
1
1
8676
1
1
8676
31845
1
0
3139
1
3139
1
6409
1
1
347
347
1
347
347
347
27284
27284
1
1
0
1
1
0
9116
23841
1
1
1
1
1
2278
2278
2278
1
1
30179
1
30179
0
0
1
0
1
1
1
0
1
0
1
1152
11264
8105
1
1
15935
1
8960
1
1
31379
1
12809
1
1
1
26341
26341
1
1
22249
22249
1
27994
1
43
43
1
43
9112
1
1
25471
1
12543
1
12543
12543
1
0
1
0
1
1
20442
1
1
1
15718
6597
1
32393
1
23859
1
28663
1
0
1264
1264
1
1
1
16897
12176
1
1
1
1
1
1
1
1
1
1
1
25228
25228
1
1
1
25228
25228
25228
27954
1
1
1
1
1
0
1
0
0
1
1
24685
1
24685
24685
0
1
0
1
11798
1
11798
1
1
0
19113
1
1
1
1
1
1
2038
31710
16135
1
1
16135
16135
1
16135
1
16135
2268
1
1
2268
1
20611
1
0
28806
4296
24303
24303
30399
30399
30399
1
1
0
1
1
1
1
0
1
1
328
328
328
1
0
1
0
0
1
1
0
25594
1
1
1
0
1
1
1
24932
1
1
1
1
3292
10378
1
1
1
28317
11913
1
12170
1
15562
15562
1
1
1
8276
1
1256
10852
1
10852
1
20571
1
18481
18481
18481
1
4536
1
1
23134
1
1
1
23562
1
11268
0
1
1
4363
1
1
1
22050
1
4203
2586
1
16862
16862
1
1
16862
16862
1
1
1
0
1
8979
8979
8979
0
0
0
1
1
1
0
1
0
16172
17062
1
639
1
8494
1
1
1
727
727
1
727
6438
1
1
1
1
1
1
0
1
1
1
0
1
1
1
4954
1
4954
4954
1
1
1
1
1
1
1
24965
24965
24965
1
0
4205
1
1
1
1
1
0
1
0
15368
21797
21187
21187
21187
5902
0
0
1
6742
1
1
6742
1
1
20190
20190
20190
1
15750
1
16206
22710
22710
22710
0
0
1
0
1
0
1
0
1
0
1
1
13067
1
12312
0
0
13802
1
1
1
1
1
0
1
1
1
16183
18374
1
1
1
26462
1
1
26462
1
5239
5239
12784
1
1
5679
1
0
1
25468
25468
1
32484
30047
1
22771
0
10156
10156
10156
10156
1
1
1
26488
32468
32468
1
32468
32468
12393
0
1
0
32004
1
4865
1
1
10558
0
0
19422
20446
18580
1
1
1
1
1
24334
1
1613
1
1
14822
14822
1
29494
1
1
1
1
1569
1
1
1
0
0
16098
16098
1
1
18037
1
1
26565
10247
1
10247
1
1
1
0
1
2972
18342
1
27491
1
1
1
1
203
203
1
1
1
1
1
0
0
1
1
1
1
0
1
1
0
0
10044
0
1
1
15349
15349
1
1
1
1
1
1
1
3414
1
1
0
29256
29256
1
0
0
1
1
1
1
1
19420
1
19420
1
23736
1
1
4556
1
1
9650
9650
9650
1
23293
23293
23293
1
1
1
1
28399
1
22955
1
1
6375
1
1
12679
1
12679
1
12679
16211
16211
1
31590
1
31590
9276
9276
1
0
0
28482
27004
27004
27004
27004
1
0
19407
1
1
12500
1
1
30212
30212
30212
30212
30212
1
1
27321
27321
1
3840
1157
1
0
1
0
1
1
1
1
1
1
1
6174
1
1
2701
1
9279
9279
9279
1
1
25681
1
25681
1
1
1
1
1
1
1
1313
1313
7658
1
1
1
18973
18973
1
0
1
1
1
8767
1
1
1
1
1
1
1
27463
27463
27463
27463
27463
1
1
1
0
1
1
0
0
0
1
1
0
1
1
1
1
0
0
1
1
1
27978
27978
1
27978
1
27978
1
1
0
1
1
27865
1
1
25575
14856
1
14856
20891
27307
1
1
0
25128
25128
1
25128
1
25128
1
1
7479
1
1
1
1
1
1
1
1
1
1
6929
6929
0
1
14806
1
13601
13601
1
0
0
32694
1
1
13519
13519
1
15860
1
1
4840
1
1
20217
1
1
1
1
0
20740
1
1
1
20740
20740
20740
14280
1
14280
1
0
1
1
0
1
1
1
1
1
0
0
0
1
0
0
0
21203
9445
9445
9445
1
1
1
22150
1
1
1
1
0
1
1
1
17710
1
1
26244
26244
28898
1
23851
0
26634
26634
1
0
0
1
0
0
0
28245
1
1
1933
1933
1
1
1
19370
1
1
30326
1
1
24350
1
1
1
1
1
28605
1
28605
28605
18961
1
0
0
18262
1
0
1
1
1
1
1
1
23610
1
1
21531
21293
1
21293
7133
20977
1
1
10233
1
1
24653
24653
24653
1
0
23507
4007
4007
4007
1
1
0
0
0
1
1
16948
16948
1
17910
0
1
1
1
16893
1
6327
1
1
0
3408
2965
1
5426
5426
5426
1
1
1
0
0
27271
17294
1
6934
6934
6934
6934
1
6934
1
2940
2940
28801
28398
1
1
1
16894
1
1
17701
1
17701
1
17701
17701
1
17701
1
17701
1
24101
1
1
2374
1
2374
1
1
3378
29275
23812
4414
1
0
1
27112
1
0
1
0
10445
1
1
1
1
5920
1
1
9460
9460
1
1
10390
1
1
1
39
39
1
8636
0
0
0
1
0
29099
1
1
1
0
1
11722
1
1
1
0
1
1
1
1
1
16772
16772
32053
1
1
7732
1
5674
1
18078
1
18078
18078
1
27403
1
1
1
1
1
4699
1
17929
0
1
1
29
29
1
4049
1
32255
1
17674
21488
21488
7168
28300
1
439
20962
20962
20962
20962
20962
8815
8815
8815
1
8815
24210
1
1
1
24210
1
1
8001
8001
27604
27604
1
1
4636
1
4636
1
1
1
10073
1
1
1
31222
1
1
1
1
1
1
0
1
1
1
1
4974
4974
1
1
1
0
0
1
0
11018
29267
1
8482
1
8482
24335
9893
1
32656
1
1
26524
1
1
1
1
1
31148
31148
1
31148
1
0
1
0
0
0
0
1
1
1
1
24821
24821
24821
1
1
1
7511
2838
1
2838
1
1
997
1
1650
0
1
22334
22334
1
0
0
0
0
0
1
20617
1
0
0
1
0
1
0
16140
16140
23039
2825
2825
2825
1
1583
2658
1
1
28521
163
1
163
1
5615
1
0
24422
8651
1
1
382
1
5266
5266
1
31148
31148
1
1
14353
1
1
5683
1
1
19288
7583
1
4352
4352
9703
1
0
1
0
1
10454
1
1
1
1
0
9913
1
1
1
0
1
1
0
1
8507
1
7359
7359
7359
7359
25732
1
1
17489
19395
1
1
1
16295
1
29326
1
1
1
9576
1
1
1
1
27417
1
1
1
31725
1
1
11990
1
15369
15369
1
11001
11001
1
1
1
31280
1297
1
1
9469
9469
1
1
28861
28861
1
29051
1
1
25444
1
25444
1
1
9523
1
9523
1
1
1
1
19284
20942
0
15178
1
1
1
8274
1
9373
1
1
1
27043
1
1
1
1
1
1
1
0
1
1
20870
20870
1
28838
20812
1
20812
16938
16938
16938
16938
16938
18479
1
1
13099
13099
13099
1
0
0
1
0
0
0
0
1
0
1
0
1
0
0
1
27298
27298
1
20431
11260
28313
1
1
27225
27225
1
1
1
1
24687
1
24687
24687
24687
31380
31380
1101
1
1
0
31866
1
31866
1
21835
1
1
21835
1
16129
16129
1
15518
12424
12424
1
15644
15644
14559
13324
2838
1
2838
1
2838
1
3148
1
3148
1
1
13981
1
0
1
1
1
20668
20668
1
0
1
1
30552
1
1127
1
1127
29579
1
1
1
1
31900
1
1
1
31900
1
1
14277
14166
0
30282
1
18646
1
18646
1
0
0
1
1
21574
19360
1
1
1
24704
24704
1
1
1
1
1
1
187
187
187
187
1
187
187
26126
1
1
0
1
1
1
1
1
1
1
1
23983
1
1
1
1
0
1
1
26872
1
26872
1
1
1
21386
1
21386
1
1
1
0
1
0
17039
17039
17039
1
1492
1
1
26250
1
1
26525
26525
1
26525
1
14700
1
1
0
1
1
25474
18208
1
30815
12888
1
1
0
1
1
18699
1
1
1
0
1
0
1
0
0
0
0
21962
24814
24814
1
0
1
0
0
1
0
0
1
0
1
13397
1
1
1
0
0
0
0
0
1
1
0
1
1
0
0
1
0
3919
1
14093
1
26260
26260
1
17117
1
1
1
32532
18784
26878
1
0
1
1
1
0
0
1
0
1
1
1
1
1
1
26978
1
1
22443
1
1
3268
22688
22688
1
5846
5846
1
5846
1
5846
5846
20281
1
20281
1
1
0
0
32112
1
0
1
1
25978
25978
25978
1
1
13012
13012
1
13012
1
1
1
1
6501
0
18856
1
18856
17912
1
1
17912
0
20012
1
1
7536
1
1
1
10369
1
10369
1
1
1
1
12052
12052
1
17918
13028
1
1
30547
1
1
32302
1
19745
9158
24141
1
1
1
14824
3680
0
1
1
10097
1
1
0
1
1
25726
23709
1
1
17880
17880
1
1
1
28811
28811
1
8415
1
5471
1
1
0
0
0
0
1
936
1
1
1
0
1
26472
0
1
1
1
1
1
1
1
26089
1
1
26089
26089
1
0
1
0
0
21879
21879
18724
1
1
1
13662
26
26
1
13048
1
22897
6934
6934
12046
1
1
29085
29085
12754
12754
2322
21365
1
12636
1
1
13256
1
13256
28112
13325
1
1
1
13250
1
1
0
1
1
9515
9515
17187
1
29180
29180
29180
29180
0
1
1
1
1
0
1
8381
1
0
1
1
17162
17162
1
0
0
1
32213
1
32213
32213
1
32213
31811
31811
1
31811
12745
0
1
1
0
0
1
1
1
0
0
0
1
3067
1
1
1
1
1
1
16683
1
7548
1
1
1
1
1
0
1
1
1
1
31867
1
10282
1
1
1
27221
20914
1
13330
1
18604
31950
1
1
12861
1
1
1
4907
1
25526
25689
32614
1
0
0
1
1
0
1
1
1
1
17204
25695
1
1
24489
10855
2185
2185
1
1
16352
16352
30922
30922
1
7121
1
7121
8252
1
1
1
1783
1
3411
1
3411
1
1
1
17599
7902
1
0
1
1
1
1
0
1
0
1
31279
31279
1
23927
23927
23927
1
1
1
26912
1
21420
1
13016
1
1
13016
1
1
7495
1
1
1
1
1
1
1
1
30763
1769
1
1
0
0
0
1
1
1
1
1
3836
1
1
1
1
17648
1
15752
15752
15752
1
19347
1
27528
1
1091
12916
1
4575
1
4575
1
1
1
1
1
1
30870
1
11345
1
1
1
1
1
1
1
23635
23635
23635
23635
1
1
15537
16013
1
1
12191
1
1
12191
32053
1
1
17822
2917
26142
1
0
1
1
23701
1
1
9284
9284
1
1
1
9284
1
4730
12154
28608
7294
1
3785
1
1
1
1
4398
4398
1
1
1
18413
1
13955
13955
23447
1
31033
1
1
9918
1
9918
7471
16363
1
1
32032
32032
1
1
0
1
1
1
27279
1
30797
30797
9174
9069
1
1
1
21775
27027
1
1
1
1
30886
0
30611
1
0
1
1
5021
5021
5021
1
1
12878
1
1
12878
11636
1
1
1
7301
1
0
11559
0
0
27235
5104
1
1
7195
13949
4558
4558
27548
27548
1
1
1
0
27789
1
1
1
16660
1
1
1
28464
1
1
28464
28464
0
1
1
19745
1
1
1
1
3903
1
3903
3903
3903
1
1
3903
3903
1
16124
1
1
1
16124
24740
24740
24740
1
0
5641
5641
5641
5641
1
1
1
1
21216
19137
1
19137
1
1
1
11771
15567
15567
15567
15567
1
1
17445
4305
1
0
0
0
0
27601
1
1
1
1
29462
1
20107
1
20107
20107
20107
28806
1
1
10407
10407
8207
8207
1
1
1
8713
1
8713
1
0
1
1
0
0
0
1
1
10892
10892
26510
29949
1
1
1
29949
0
0
1
1
27128
27128
1
1
4378
4378
7852
24380
1
24380
8533
8533
1
25180
1
27016
27016
1
29402
29402
1
25114
25114
0
23433
1
27495
27495
1
0
0
0
1
0
0
1
0
0
0
3880
3880
1
3880
3880
3880
3880
0
1
30024
1
1
14331
969
1
0
0
1
1
1
29932
29932
24584
1
28230
1
0
15902
19524
9002
27045
1
1
28904
1
1
10554
1
1
1
25057
25057
1
17489
17489
29729
29431
29431
1
1
1
9022
1
1
3811
3811
3811
1
1
1
1
1
0
0
1
0
1
0
1
5228
1
5228
19340
25765
25765
1
13029
1
13029
310
0
0
22208
1
7895
30519
1
1
5318
8965
8965
1
1
1
8187
1973
1
1
1
1
1
1
1
2986
1
1
1
1
0
0
0
0
1
0
1
1
1
1
1
27291
27291
27291
31956
1
25802
25802
1
16426
1
1
16426
15782
1
15782
15782
1
1
0
1
1
6336
1
1
1
21428
1
21428
21428
1
1
1
1
1
1
28549
3621
1
3621
1
1
2810
0
0
0
4741
4741
1
3092
1
1
1
31888
1
1
1
27710
27710
28787
3299
1
22584
8319
1
1
1
14658
20200
20200
20200
1
10231
1
30356
7324
6491
6491
6491
270
1
1
1
1
270
270
1
16840
1
1
1
1
1
24849
1
27438
1
26412
14295
0
0
0
0
1
32050
1
3531
1
0
1
1
1
1
1
0
1
1
1
12628
0
1
